0 0
1 6
2 16
3 24
4 43
5 52
6 60
7 66
8 70
9 78
10 86
11 99
12 108
13 117
14 119
15 124
16 129
17 131
18 139
19 143
20 155
21 157
22 169
23 176
24 180
25 190
26 195
27 204
28 205
29 216
30 232
31 244
32 248
33 258
34 266
35 274
36 284
37 291
38 298
39 302
40 306
41 311
42 316
43 318
44 333
45 342
46 346
47 348
48 358
49 364
50 369
51 373
52 378
53 393
54 397
55 401
56 412
57 416
58 426
59 433
60 442
61 448
62 453
63 460
64 467
65 477
66 483
67 490
68 494
69 502
70 505
71 513
72 519
73 521
74 529
75 532
76 535
77 541
78 546
79 553
80 557
81 561
82 568
83 571
84 580
85 587
86 591
87 601
88 604
89 619
90 623
91 629
92 651
93 655
94 661
95 671
96 681
97 691
98 700
99 708
