# Noise levels exported from displayNoiseBS (source ImaGene): 
# Format X Y noiseLevel 
70 26 1
69 26 1
69 27 1
70 27 1
70 28 0.5
69 28 0.5
69 29 0.5
68 29 0.5
68 28 0.5
67 28 0.5
67 27 0.5
66 27 0.5
66 28 0.5
66 29 0.5
67 29 0.5
68 30 0.5
69 30 0.5
69 31 0.5
70 31 0.5
71 31 0.5
71 30 3
72 30 3
72 29 1
71 29 1
70 30 1
70 29 3
71 28 1
71 27 1
72 27 1
72 26 1
73 26 1.5
74 26 1.5
75 26 1.5
76 26 1.5
77 26 1.5
78 26 1.5
78 25 1.5
79 25 1.5
79 26 0.5
80 26 0.5
80 27 1
81 27 1
81 26 0.5
82 26 0.5
83 26 0.5
83 27 1
84 27 1
84 26 0.5
85 26 0.5
85 27 0.5
86 27 0.5
86 26 0.5
87 26 0.5
87 27 0.5
88 27 0.5
89 27 0.5
90 27 1
91 27 1
91 28 1
92 28 1
92 27 1
92 26 1
93 26 1
93 27 1
94 27 1
95 27 1
96 27 1
96 28 1
95 28 1
95 29 1
96 29 1
97 28 1
98 28 1
98 29 1
97 29 1
97 30 1
98 30 1
99 30 2
99 31 0.5
99 32 0.5
99 33 0.5
99 34 0.5
100 34 0.5
100 35 0.5
99 35 0.5
98 35 0.5
98 36 0.5
97 36 0.5
97 37 0.5
96 37 0.5
96 38 0.5
97 38 0.5
97 39 0.5
98 39 1.5
98 38 1.5
99 38 1.5
99 37 1.5
98 37 1.5
99 36 1.5
100 36 1.5
100 37 1.5
101 37 1.5
101 38 1.5
101 39 1.5
102 39 1.5
102 40 1.5
101 40 1.5
101 41 1.5
102 41 1.5
102 42 1.5
101 42 1.5
101 43 1.5
102 43 1.5
103 43 1.5
103 44 1.5
102 44 1.5
102 45 1.5
102 46 0.5
102 47 0.5
103 47 0.5
103 48 0.5
103 49 0.5
103 50 0.5
104 50 0.5
104 51 0.5
104 52 0.5
104 53 0.5
104 54 1.5
104 55 1.5
105 55 1.5
105 56 1.5
104 56 1.5
103 56 2
103 57 2
104 57 2
105 57 2
105 58 2
105 59 2
106 59 2
106 60 2
106 61 2
107 61 2
108 61 2
108 62 2
107 62 2
106 62 2
106 63 2
105 63 2
105 64 2
106 64 2
107 63 2
108 63 2
108 64 2
107 64 2
107 65 2
107 66 0.5
107 67 0.5
107 68 0.5
108 68 0.5
109 68 0.5
109 69 0.5
108 69 0.5
108 70 0.5
109 70 0.5
109 71 0.5
108 71 0.5
108 72 0.5
107 72 0.5
106 72 0.5
106 71 0.5
105 71 0.5
105 72 0.5
106 73 0.5
107 73 0.5
108 73 0.5
109 72 0.5
109 73 0.5
109 74 3
109 75 1.5
109 76 1.5
110 76 1.5
110 75 1.5
111 75 0.5
111 76 0.5
112 76 0.5
112 77 0.5
111 77 0.5
110 77 0.5
110 78 0.5
109 78 0.5
109 79 0.5
108 79 0.5
108 80 0.5
108 81 0.5
108 82 0.5
109 82 2.5
109 81 2.5
109 80 0.5
110 79 0.5
110 80 0.5
111 80 0.5
111 81 0.5
111 82 1.5
111 83 1.5
111 84 1.5
111 85 1.5
112 85 1.5
112 86 1.5
111 86 1.5
110 86 1.5
109 86 0.5
109 87 1.5
108 87 1.5
107 87 1.5
107 88 1.5
106 88 1
105 88 1
104 88 1
104 89 1
105 89 1
105 90 1
104 90 1
103 90 1
102 90 1
102 91 1
101 91 1
101 92 1
100 92 1
99 92 1.5
99 93 1.5
98 93 1.5
97 93 1.5
97 94 1.5
96 94 1.5
96 93 1.5
95 93 1.5
95 94 1.5
96 95 1.5
95 95 1.5
94 95 1.5
94 96 1.5
93 96 1.5
92 96 1.5
92 97 1.5
91 97 1.5
91 98 1.5
90 98 1.5
89 98 1.5
89 99 1.5
88 99 1.5
88 98 1.5
88 97 1.5
87 97 1.5
87 98 1.5
87 99 1.5
87 100 1.5
86 100 1.5
86 101 1.5
85 101 1.5
85 100 1.5
85 99 1.5
85 98 1.5
84 98 1.5
84 99 1.5
84 100 1.5
84 101 1.5
84 102 1.5
83 102 1.5
82 102 1.5
82 103 1.5
81 103 1.5
81 104 1.5
80 104 1.5
79 104 1.5
79 105 1.5
79 106 1.5
78 106 1.5
78 105 1.5
77 105 1.5
77 106 1.5
76 106 1.5
76 107 0.5
75 107 0.5
74 107 0.5
74 108 0.5
73 108 0.5
72 108 0.5
72 109 0.5
71 109 0.5
71 110 0.5
71 111 1.5
70 111 1.5
70 110 1.5
69 110 1.5
69 111 1.5
68 111 1.5
68 112 1
67 112 1
66 112 1
66 113 1.5
65 113 0.5
64 113 1.5
64 114 1.5
63 114 1.5
63 115 0.5
62 115 0.5
61 115 0.5
60 115 0.5
60 114 0.5
59 114 0.5
59 113 0.5
58 113 0.5
58 112 0.5
57 112 0.5
57 111 0.5
56 111 0.5
56 110 0.5
55 110 0.5
55 109 0.5
54 109 0.5
53 109 0.5
53 108 0.5
52 108 0.5
52 107 0.5
51 107 0.5
51 106 0.5
50 106 0.5
50 105 0.5
49 105 0.5
49 104 0.5
48 104 0.5
48 103 0.5
47 103 0.5
46 103 0.5
46 102 0.5
45 102 0.5
45 101 0.5
44 101 0.5
44 100 0.5
43 100 0.5
43 99 0.5
42 99 0.5
42 98 0.5
41 98 0.5
41 97 0.5
40 97 0.5
40 96 0.5
39 96 0.5
38 96 0.5
38 95 0.5
37 95 0.5
37 94 0.5
36 94 0.5
36 93 0.5
35 93 0.5
35 92 0.5
34 92 0.5
34 91 0.5
33 91 0.5
33 90 0.5
32 90 0.5
31 90 0.5
31 89 0.5
30 89 0.5
30 88 0.5
29 88 0.5
29 87 0.5
28 87 0.5
28 86 0.5
27 86 0.5
27 85 0.5
26 85 0.5
26 84 0.5
25 84 0.5
25 83 0.5
24 83 0.5
23 83 0.5
23 82 0.5
22 82 0.5
22 81 0.5
21 81 0.5
21 80 0.5
20 80 0.5
20 79 0.5
19 79 0.5
19 78 0.5
18 78 0.5
18 77 0.5
17 77 0.5
17 76 0.5
17 75 0.5
18 75 0.5
18 74 0.5
18 73 0.5
19 73 0.5
19 72 0.5
19 71 0.5
19 70 0.5
20 70 0.5
20 69 0.5
20 68 0.5
21 68 0.5
21 67 0.5
21 66 0.5
22 66 0.5
22 65 0.5
22 64 0.5
22 63 0.5
23 63 0.5
23 62 0.5
23 61 0.5
24 61 0.5
24 60 0.5
24 59 0.5
25 59 0.5
25 58 0.5
25 57 0.5
25 56 0.5
26 56 0.5
26 55 0.5
26 54 0.5
27 54 0.5
27 53 0.5
27 52 0.5
28 52 0.5
28 51 0.5
28 50 0.5
28 49 0.5
29 49 0.5
29 48 0.5
29 47 0.5
30 47 0.5
30 46 0.5
30 45 0.5
30 44 0.5
31 44 0.5
31 43 0.5
31 42 0.5
32 42 0.5
32 41 0.5
32 40 0.5
33 40 0.5
33 39 0.5
33 38 0.5
33 37 0.5
34 37 0.5
34 36 0.5
34 35 0.5
35 35 0.5
35 34 0.5
35 33 0.5
36 33 0.5
36 32 0.5
36 31 0.5
36 30 0.5
37 30 0.5
37 29 0.5
37 28 0.5
38 28 0.5
38 27 0.5
38 26 0.5
38 25 0.5
39 25 0.5
39 24 0.5
39 23 0.5
40 23 0.5
41 23 0.5
42 23 0.5
43 23 0.5
44 23 0.5
45 23 0.5
46 23 0.5
47 23 0.5
48 23 0.5
49 23 0.5
49 24 0.5
50 24 0.5
51 24 0.5
52 24 0.5
53 24 0.5
54 24 0.5
55 24 0.5
56 24 0.5
57 24 0.5
58 24 0.5
59 24 0.5
60 24 0.5
61 24 0.5
61 25 0.5
62 25 0.5
63 25 0.5
64 25 0.5
65 25 0.5
65 26 0.5
66 26 0.5
66 25 0.5
67 25 0.5
68 25 0.5
69 25 0.5
69 24 1
70 24 1
70 25 1
71 25 1
72 25 1
71 26 1
